res =

   1.41850027129847e-01
   1.33389918883547e+00
   1.44887752162118e+00
   2.68837974300891e+00
   5.13551286507280e-01
   2.68091372445630e+00
   1.94630409531816e+00
   6.07978727268459e-01
   1.18880473471519e+00
   1.13567959930568e+00
   7.43986652373930e-01
   7.29716053798731e-01
   1.57681264564608e-01
   6.64530028749387e-01
   6.82192284112828e-01
   5.60654336622206e-01
   1.57299717139542e+00
   6.75289248366965e-01
   1.11140927016895e+00
   3.38192444204667e-01
   1.49545216059887e+00
   2.02147586313095e+00
   1.91311113036566e-01
   2.37623086078860e+00
   1.94714746782054e+00
   1.87792670909160e+00
   1.21218705304229e+00
   2.87266841301211e+00
  -2.08994116666334e-02
   8.24326149127273e-01
   1.39013455501340e+00
   1.54424238271608e+00
   1.48544672769760e+00
   1.40305820406783e+00
   1.03736897289976e+00
   1.85730852909586e+00
   2.09772074600751e+00
   1.16116076783669e+00
   5.94203977301041e-01
   3.78117480372537e-01
   2.13537744485987e+00
   1.63709049572002e+00
   2.10593345727550e+00
   9.24184156709546e-01
   9.13680781336965e-01
   2.94646756083437e+00
   2.94801829923592e-01
   5.54070562297885e-01
   3.02382567651638e+00
   1.49619021082719e-01
   5.96630029091506e-01
   3.74256620298518e-01
   1.11694100088674e+00
   2.60787040542369e+00
   8.15985318886552e-01
   6.68690491560733e-01
   8.51867284112638e-01
   1.12881411320777e+00
   2.28042472698852e+00
   1.19820837932163e+00
   1.48324892433131e+00
   1.57306476530554e+00
   2.28192608798402e+00
   3.82220306741369e-01
   1.37772708127961e+00
  -3.87812063345851e-02
   2.53289595859231e+00
   1.31485589447788e-01
   4.88997278204111e-01
   4.10253337257603e-01
   3.90496349050011e-01
   4.99500560187898e-01
   2.56866618839261e+00
   2.91731718906172e+00
   2.15850649287231e+00
   1.08758636995829e+00
   1.50084046556566e+00
   9.63559425783675e-01
   5.34844576937408e-01
   2.44383341083052e+00
   5.10146519302300e-01
   1.09059570861545e+00
   3.78396495706003e-01
   1.81753888705075e+00
   4.18273275112195e-01
   1.43741619548128e+00
   8.37151846557577e-01
   3.83969600133467e+00
   5.82322096031249e-01
   1.88386556880299e+00
   8.43846970021705e-01
   8.81224555301421e-01
   8.10243122962910e-01
   1.42967411629878e+00
   2.82545135705891e+00
   1.02504780121745e+00
   4.46991990237627e-01
   7.58124081459692e-01
   1.51078744984766e+00
   1.69763594698186e+00
   8.80546153667581e-01
   1.19099992849137e+00
   7.79485105330810e-01
   1.13072919641668e+00
   1.53914949077057e+00
  -1.28102616037716e-01
   8.76048890143213e-01
   1.92454324391769e+00
   9.97421254814693e-01
   1.57198161190147e+00
   4.54414209648475e-01
   1.03049788157851e+00
   1.55208422185472e+00
   1.13624693184094e+00
   1.58447584450816e+00
   9.82354290860314e-01
   3.54819931381755e-01
   2.13846010889655e+00
   1.49432462208771e+00
   1.86184604140123e+00
   6.21207135887269e-01
   1.00090112535030e+00
   8.49511625464092e-01
   1.10082573318977e+00
   1.04349937410812e+00
   4.80388731676164e-01
   6.65312322252798e-01
   4.11228225321236e+00
   1.66232351191680e+00
   4.52127386771258e-01
   6.58395950707648e-01
   6.27536624536015e-01
   6.42047467375153e-01
   1.71901502638790e+00
   1.87636532492407e+00
   7.91735604772205e-01
   4.58554165092150e-01
   1.36813002619634e+00
   9.12940524887751e-01
   1.39178760743549e+00
   1.14482712511415e+00
   1.15127429033019e+00
   7.74541572667031e-02
   1.66146059948556e+00
   3.32911746797448e-01
   1.28202569705968e+00
   9.52718164865113e-02
   8.56114335802241e-01
   9.84735205726584e-01
   1.51588804647257e+00
   1.27576720195996e+00
   1.36004304695236e-01
   7.63860401410503e-01
   1.25696776570155e+00
   4.24877621966499e-01
   5.16503940390824e-01
   1.57821185113237e+00
   2.24852039618918e+00
   1.48038193990477e+00
   6.81458002339473e-01
   2.86406157039011e+00
   2.81122739556432e+00
   7.16022809250300e-01
   1.28030085072163e+00
   1.42977494279673e+00
   4.56542016520360e+00
   1.31746405159948e+00
   6.51329303471695e-01
   7.51032380274013e-01
   7.75610929531197e-01
   6.15369999347578e-01
   2.01565307642684e+00
   7.34965926585059e-01
   1.35193844173181e+00
   3.35774006475524e-01
   9.22029629632299e-01
   1.99751235443463e+00
   1.35339646835042e+00
   7.92450097373924e-01
   1.44639186411357e+00
   4.47471764472760e-01
   5.15550784082775e-01
   3.53563866013533e-01
   2.84716235112618e+00
   5.21112241828907e-01
   1.69025242933496e+00
   2.62876249637971e+00
   3.42980463705728e-01
   1.64921720053744e+00
   3.86588959178380e-01
   2.59447212348398e+00
   1.22524289799499e+00
   1.86925697995606e+00
   1.09616970831289e+00
   1.15306929479090e+00
   7.53022006371705e-01
   9.52965125396079e-01
   3.71999402120945e-01
   1.61981327167032e+00
   5.44244114349499e-01
   1.56137237414350e+00
   1.21733657059954e+00
   6.57779009177474e-01
   1.99629448565589e+00
   2.41819458170173e+00
   7.98851242664952e-01
   6.87402602417722e-01
   2.82548183498325e+00
   1.27159908883452e+00
   6.09828653158782e-01
   1.52483831314048e+00
   2.02005474345348e+00
   7.45980197206349e-01
   1.46295620587491e+00
   1.99561519157421e-01
   5.58676477035495e-01
   1.16003693452401e+00
   6.45443391139177e-01
   4.45309538723047e-01
   4.62285887360258e-01
   9.12640366652974e-01
   2.41763001562993e+00
   4.56107474149921e-01
   1.58112042875763e+00
   7.60596937138609e-01
   5.08657838719863e-01
   2.00728744558507e+00
   3.66108538892309e-01
   5.84435915558462e-01
   7.18457496162787e-01
   1.92635146485220e+00
   1.97506149106131e-01
   3.00282606550631e+00
   1.53673821890929e+00
   7.51187534841906e-01
   1.64568413333886e+00
   2.28298018641406e+00
   1.80373229684113e+00
   1.94705428880177e+00
   1.16440373741961e+00
   8.15912366943685e-01
   6.25810379388111e-01
   3.78108239139666e-01
   5.48331264919803e+00
   3.53784101715670e-01
   9.41580966096502e-01
   2.49482765076026e+00
   5.00749879163105e-01
   3.81787433174170e-01
   1.98233869927852e+00
   6.68390033433790e-01
   5.09907046144855e-01
   3.63663955945008e-01
   9.53204997416096e-01
   1.10397560351635e+00
   1.08544935952868e+00
   8.75333132791782e-01
   9.62408091982676e-01
   3.40306803418622e-01
   1.18008554101951e+00
   1.32930444609873e+00
   2.85468304262046e+00
   3.37027621113110e+00
   9.73751886965448e-01
   3.23341560642654e-01
   4.92362844844957e-01
   1.62686580659744e+00
   3.48253437191785e-01
   4.14946705686188e-01
   5.04077447888394e-01
   8.02850513089649e-01
   1.51011942100922e+00
   7.60048348390874e-01
   2.60131685737879e-01
   1.33383269320711e+00
   2.11373567248838e+00
   1.42387369165017e+00
   1.17194863230492e+00
   2.76031699139790e+00
   1.52285078824057e+00
   1.00748083157436e+00
   4.32009492329235e-01
   9.58538821691702e-01
   7.54204966622735e-01
   8.20656105468668e-02
   2.18728596258287e+00
   2.14924377910248e-01
   1.34074566387357e+00
   4.08710284949745e-01
   1.27655933578251e+00
   1.56092422497670e+00
   1.12931374691669e+00
   6.00838733873645e-01
   3.16543061625149e-01
   1.37592572235467e+00
   5.36403823848418e-01
   1.51707618045059e+00
   1.74604206454447e+00
   5.05206352969496e-01
   1.08628914179168e+00
   5.53097698817709e-01
   8.06273006619780e-01
   2.03597623581024e+00
   8.63301669223673e-01
   6.00849655443682e-01
   2.78699740376684e+00
   1.84185246478734e+00
   1.56525511134611e-01
   3.05981090666924e-01
   8.05774535511426e-01
   6.09714777552719e-01
   2.96428827260433e+00
   4.37769341729644e+00
   1.89501693878800e-01
   1.14984797401213e+00
   1.14450367180117e+00
   3.39272163506407e-01
   2.61508014309251e+00
   1.27406354382925e+00
   2.33416998248224e-01
   1.59540282814219e+00
   1.39866659995503e+00
   4.90938560416217e-01
   1.42916137738698e+00
   3.46419942032792e+00
   1.61316783288363e+00
   5.72846932411695e-01
   1.49294521293355e+00
   7.15683104041936e-01
   6.90904773827881e-01
   3.24594332278611e-01
   1.29098469159743e+00
   7.03268558213156e-01
   1.09896078691747e+00
   1.57495785938398e+00
   1.14466894706526e+00
   3.90030267299978e-01
   9.57802328490248e-01
   1.06934819341332e+00
   6.88139503819387e-01
   1.49599202715473e+00
   8.51343797016949e-02
   1.37041787645831e+00
   1.53377238617374e-01
   1.59094202631642e+00
   7.49012256138989e-01
   1.69679460942929e+00
   1.41846070181705e+00
   7.16874307569658e-01
   1.20693991456353e+00
   1.02018932380544e+00
   1.72673802530940e-01
   1.96270501960501e+00
   9.02777756272811e-01
   8.05484034171166e-01
   1.19704180904877e+00
   1.41645859665693e+00
   8.34607814324632e-01
   1.03557787743159e+00
   2.06307304692221e+00
   1.02332872480496e+00
   9.38805643783911e-01
   9.44881817531217e-01
   2.37284007582120e+00
   4.03684955431717e-01
   1.37496809573458e+00
   8.77767237859928e-01
   4.18961256067802e-01
   3.27867883638863e+00
   3.73704232636523e+00
   1.33774673365024e+00
   1.76572618847531e+00
   8.19659586791458e-01
   1.77538546110192e+00
   5.70876217032920e-01
   1.42697952313747e+00
   6.56924976889711e-01
   1.10810267398157e+00
   2.66750556514318e+00
   7.61000321631304e-01
   2.41669214991735e+00
   3.99939211126231e-01
   3.56423797320364e-01
   7.88564231637639e-01
   2.46089073768957e-01
   2.47565704026861e+00
   1.33788369579418e+00
   2.29995369687556e+00
   3.92441635072817e+00
   2.63704950176178e-01
   7.55078730802314e-01
   5.19978349647453e-01
   9.15565526310034e-01
   7.25470398977966e-01
   5.61286547074576e-01
   9.60917880876723e-01
   8.39424077264566e-01
   2.44691183416563e+00
   8.76795347309065e-01
   3.46292540796027e-01
   1.21481598793639e+00
   2.33424982893469e+00
   6.61567790030615e-01
   1.87665755475339e+00
   1.44184097193160e+00
   1.34507122649154e+00
   6.37154668525004e-01
   5.60115202355677e-01
   1.59542179647722e+00
   7.44866743479840e-01
   4.70554813353568e-01
   1.10162436955796e+00
   4.49614646490755e-01
   2.26864728413175e+00
   1.47284727233211e+00
   9.58790906756816e-01
   1.09590332082617e+00
   1.82566362342728e+00
   6.54489172150575e-01
   9.20108178893338e-01
   2.71042116673347e+00
   1.54868788164051e+00
   1.21975642162228e+00
   1.63108473340206e+00
   2.97107912535112e+00
   1.80882270053587e+00
   2.08478609424485e+00
   8.86112834964247e-01
   2.67923767000977e+00
   1.79429209772483e+00
   1.98057511273880e+00
   1.47660268819215e+00
   2.97810474937914e+00
   5.00491965847021e-01
   1.04339368086346e+00
   9.82761264907415e-01
   6.54543646432447e-01
   1.56075232325678e+00
   1.01441072799311e+00
   1.35448377649362e+00
   2.63395040490871e+00
   1.25013107720262e+00
   2.32916667096296e-01
   1.40564924373334e+00
   5.41443611751258e-01
   1.30673520891286e+00
   2.20097413985570e+00
   2.68345231636142e-01
   4.48926051984538e-01
   5.85399888323436e-01
   1.92850165000540e+00
   2.66232977022607e+00
   5.88572941726798e-01
   1.16577770908962e+00
   2.16800290384581e+00
   1.92962472067116e+00
   1.53818064096776e+00
   6.06071800089694e-01
   6.36258555472582e-01
   1.12592124567640e+00
   1.43550016993536e+00
   7.51976057517044e-01
   2.21125260709800e+00
   1.17098456759476e+00
   3.43749277965964e+00
   5.99584388672622e-01
   2.29131000755764e+00
   9.43487228605650e-01
   8.04015284639774e-01
   7.13503165986860e-01
   4.54712500086260e-01
   1.39960450692029e+00
   8.69171460268372e-01
   1.04480179282425e+00
   1.88798685276670e+00
   1.54189114005524e+00
   1.98049616303706e+00
   1.62206539717733e+00
   1.64074247839693e+00
   1.75586540270777e+00
   2.31165069963269e+00
   2.81262361958492e+00
   1.43715923350446e-01
   1.52114188172508e+00
   1.18631932345632e+00
   1.98324005551787e+00
   7.08308410344749e-01
   1.05070462402755e+00
   1.65331651806174e+00
   6.10353122801862e-01
   2.96898572772457e-01
   8.62543734864823e-01
   1.35019665494530e+00
   3.21852659971986e+00
   1.00685488271749e+00
   5.99396555303896e-01
   9.17409374252932e-01
   2.26174422519300e+00
   8.52138233670765e-01
   1.94105042881757e+00
   2.59002490192579e+00
   1.42169970441340e+00
   1.11828789207861e+00
   8.48472180225843e-01
   1.20903874058621e+00
   4.26680400536643e-01
   3.31813647438679e+00
   9.50612372673401e-01
   2.52224827191570e+00
   1.83890556100209e+00
   1.88314357529155e-01
   3.08615533808514e+00
   3.82438508324833e+00
   2.98432254941063e+00
   1.48661661413707e+00
   1.42550945141562e+00
   7.26421480678821e-01
   2.22466918560457e+00
   3.29628459274775e-01
   7.68985240972572e-01
   2.08182232106873e+00
   8.66343186585414e-01
   8.85072997012128e-01
   2.13818410963681e+00
   1.54737965861994e-01
   2.31193652320821e+00
   1.06249407881145e-01
   2.15732607688991e+00
   1.41820813298027e+00
   9.60507649082755e-01
   1.54321636390373e+00
   7.29327414393599e-01
   7.72007758661834e-01
   1.95859418319627e+00
   1.62585396946487e+00
   8.36951103278303e-01
   2.13422050775504e+00
   1.89116839729509e+00
   5.50339047758324e-01
   4.90155898854860e-01
   1.23562708094089e+00
   2.19509909354149e+00
   3.82481338978971e-01
   1.16022048270002e+00
   6.37676022039819e-01
   1.81125173154146e+00
   6.75602563268545e-01
   3.25195980005016e+00
   1.57017351226209e+00
   2.18127652020734e+00
   3.24526587009025e+00
   3.76824092640505e-01
   1.09815483924162e+00
   1.09272373428343e+00
   5.25821096661189e-01
   6.60788985728022e-01
   1.41369664405029e+00
   1.47805404983438e-01
   1.90606586629875e+00
   1.90223612522473e+00
   8.33834848944239e-01
   1.76040580854403e+00
   2.37115199041244e+00
   4.06949434406484e-01
   1.01231956187306e+00
   2.32491446079313e-01
   3.57114956817868e-01
   2.27631549052077e+00
   2.37253506321562e+00
   9.87707874298986e-01
   1.69279674660294e+00
   2.62969786074125e-01
   1.50743370111652e+00
   1.73485645719133e+00
   1.15241831644450e+00
   1.63016554845635e+00
   8.99486341596229e-01
   5.87947175029090e-01
   1.79016477353080e+00
   5.60820407200232e-01
   1.53785884502958e+00
   3.41489778907192e+00
   1.46508592092247e+00
   1.10310518006800e+00
   1.28718385263386e+00
   2.24662260809078e+00
   1.28779407530158e+00
   7.13095188747763e-01
   1.68468745213790e+00
   6.41817265341322e-01
   4.88536590233883e-01
   2.56932757936511e-01
   7.35735692304419e-01
   2.43254153744079e+00
   1.45991026555980e+00
   2.75371912208092e-01
   2.14036804870574e-01
   6.46880550437787e-01
   5.32480239802272e-01
   2.26176953278298e+00
   3.75110961730830e+00
   4.23774103241447e-01
   4.14831123345843e-01
   2.30120526107544e+00
   2.81761468566028e+00
   9.31774708354654e-02
   3.02176327091583e+00
   8.11024711991077e-01
   1.70170178154170e+00
  -1.63454042204755e-01
   4.92059554088604e+00
   9.02083006795136e-01
   6.90713056219007e-01
   2.47132165663058e+00
   1.68160959412471e-01
   2.95576568346928e+00
   5.58859346212433e-01
   1.47749087581516e+00
   1.46655594496851e+00
   7.39994288865458e-01
   4.82248132041879e-01
   5.57896852129123e-01
   1.27947533086757e+00
   2.43294073162598e+00
   5.37139159429383e-01
   5.34917270000006e-01
   2.41478314015589e+00
   1.37485903817249e+00
   1.10781199093661e+00
   4.75711304211751e+00
   2.80395219940001e-01
   1.60752671749429e+00
   1.49454982363453e+00
   2.31652711234939e+00
   2.04594607936945e+00
   1.16404667132335e+00
   1.13180564931608e+00
   1.30831354948160e+00
   1.14165219576019e+00
   9.78154458401157e-01
   5.09199347147713e-01
   1.50788033050914e+00
   1.91920347279295e+00
   1.76261692607249e+00
   5.12707893238723e-01
   9.95274373154343e-01
   5.79994453572787e-01
   5.15663841160356e-01
   1.01649462263478e+00
   7.47953525583829e-01
   1.53079246050297e-01
   9.61759598730947e-01
   1.58264431471045e+00
   1.90909786327382e+00
   3.54144244507032e-01
   1.38317983969570e+00
   2.07257197091277e+00
   7.39054443698556e-01
   1.70443780456500e-01
   1.09292216555843e+00
   2.64411772123149e+00
   1.16628378688071e+00
   2.06744593553361e+00
   2.70835079548607e+00
   5.95531147653332e-01
   2.26420128615330e+00
   5.59705160883785e-01
   1.32837575590029e+00
   1.17334321930082e+00
   1.12059738525539e+00
   1.78200025914419e+00
   2.90532118174689e-01
   7.42374805847178e-01
   1.56813584736745e+00
   3.98437405614989e-01
   6.82250082795907e-01
   1.36444787013187e+00
   3.25389879671277e+00
   3.32982289193293e+00
   1.14067986448277e-01
   1.06958837795020e+00
   1.46012992625770e+00
   9.4184